   364
     1   -0.360230    0.623936    0.000000       0.001479
     2   -0.330210    0.571941    0.000000       0.001479
     3   -0.300191    0.519947    0.000000       0.001479
     4   -0.270172    0.467952    0.000000       0.001479
     5   -0.240153    0.415957    0.000000       0.001479
     6   -0.210134    0.363963    0.000000       0.001479
     7   -0.180115    0.311968    0.000000       0.001479
     8   -0.150096    0.259973    0.000000       0.001479
     9   -0.120077    0.207979    0.000000       0.001479
    10   -0.090057    0.155984    0.000000       0.001479
    11   -0.060038    0.103989    0.000000       0.001479
    12   -0.030019    0.051995    0.000000       0.001479
    13    0.000000    0.000000    0.000000       0.001479
    14    0.030019   -0.051995    0.000000       0.001479
    15    0.060038   -0.103989    0.000000       0.001479
    16    0.090057   -0.155984    0.000000       0.001479
    17    0.120077   -0.207979    0.000000       0.001479
    18    0.150096   -0.259973    0.000000       0.001479
    19    0.180115   -0.311968    0.000000       0.001479
    20    0.210134   -0.363963    0.000000       0.001479
    21    0.240153   -0.415957    0.000000       0.001479
    22    0.270172   -0.467952    0.000000       0.001479
    23    0.300191   -0.519947    0.000000       0.001479
    24    0.330210   -0.571941    0.000000       0.001479
    25    0.360230   -0.623936    0.000000       0.001479
    26    0.390249   -0.675930    0.000000       0.001479
    27   -0.330210    0.675930    0.000000       0.002959
    28   -0.300191    0.623936    0.000000       0.002959
    29   -0.270172    0.571941    0.000000       0.002959
    30   -0.240153    0.519947    0.000000       0.002959
    31   -0.210134    0.467952    0.000000       0.002959
    32   -0.180115    0.415957    0.000000       0.002959
    33   -0.150096    0.363963    0.000000       0.002959
    34   -0.120077    0.311968    0.000000       0.002959
    35   -0.090057    0.259973    0.000000       0.002959
    36   -0.060038    0.207979    0.000000       0.002959
    37   -0.030019    0.155984    0.000000       0.002959
    38    0.000000    0.103989    0.000000       0.002959
    39    0.030019    0.051995    0.000000       0.002959
    40    0.060038    0.000000    0.000000       0.002959
    41    0.090057   -0.051995    0.000000       0.002959
    42    0.120077   -0.103989    0.000000       0.002959
    43    0.150096   -0.155984    0.000000       0.002959
    44    0.180115   -0.207979    0.000000       0.002959
    45    0.210134   -0.259973    0.000000       0.002959
    46    0.240153   -0.311968    0.000000       0.002959
    47    0.270172   -0.363963    0.000000       0.002959
    48    0.300191   -0.415957    0.000000       0.002959
    49    0.330210   -0.467952    0.000000       0.002959
    50    0.360230   -0.519947    0.000000       0.002959
    51    0.390249   -0.571941    0.000000       0.002959
    52    0.420268   -0.623936    0.000000       0.002959
    53   -0.300191    0.727925    0.000000       0.002959
    54   -0.270172    0.675930    0.000000       0.002959
    55   -0.240153    0.623936    0.000000       0.002959
    56   -0.210134    0.571941    0.000000       0.002959
    57   -0.180115    0.519947    0.000000       0.002959
    58   -0.150096    0.467952    0.000000       0.002959
    59   -0.120077    0.415957    0.000000       0.002959
    60   -0.090057    0.363963    0.000000       0.002959
    61   -0.060038    0.311968    0.000000       0.002959
    62   -0.030019    0.259973    0.000000       0.002959
    63    0.000000    0.207979    0.000000       0.002959
    64    0.030019    0.155984    0.000000       0.002959
    65    0.060038    0.103989    0.000000       0.002959
    66    0.090057    0.051995    0.000000       0.002959
    67    0.120077    0.000000    0.000000       0.002959
    68    0.150096   -0.051995    0.000000       0.002959
    69    0.180115   -0.103989    0.000000       0.002959
    70    0.210134   -0.155984    0.000000       0.002959
    71    0.240153   -0.207979    0.000000       0.002959
    72    0.270172   -0.259973    0.000000       0.002959
    73    0.300191   -0.311968    0.000000       0.002959
    74    0.330210   -0.363963    0.000000       0.002959
    75    0.360230   -0.415957    0.000000       0.002959
    76    0.390249   -0.467952    0.000000       0.002959
    77    0.420268   -0.519947    0.000000       0.002959
    78    0.450287   -0.571941    0.000000       0.002959
    79   -0.270172    0.779920    0.000000       0.002959
    80   -0.240153    0.727925    0.000000       0.002959
    81   -0.210134    0.675930    0.000000       0.002959
    82   -0.180115    0.623936    0.000000       0.002959
    83   -0.150096    0.571941    0.000000       0.002959
    84   -0.120077    0.519947    0.000000       0.002959
    85   -0.090057    0.467952    0.000000       0.002959
    86   -0.060038    0.415957    0.000000       0.002959
    87   -0.030019    0.363963    0.000000       0.002959
    88    0.000000    0.311968    0.000000       0.002959
    89    0.030019    0.259973    0.000000       0.002959
    90    0.060038    0.207979    0.000000       0.002959
    91    0.090057    0.155984    0.000000       0.002959
    92    0.120077    0.103989    0.000000       0.002959
    93    0.150096    0.051995    0.000000       0.002959
    94    0.180115    0.000000    0.000000       0.002959
    95    0.210134   -0.051995    0.000000       0.002959
    96    0.240153   -0.103989    0.000000       0.002959
    97    0.270172   -0.155984    0.000000       0.002959
    98    0.300191   -0.207979    0.000000       0.002959
    99    0.330210   -0.259973    0.000000       0.002959
   100    0.360230   -0.311968    0.000000       0.002959
   101    0.390249   -0.363963    0.000000       0.002959
   102    0.420268   -0.415957    0.000000       0.002959
   103    0.450287   -0.467952    0.000000       0.002959
   104    0.480306   -0.519947    0.000000       0.002959
   105   -0.240153    0.831914    0.000000       0.002959
   106   -0.210134    0.779920    0.000000       0.002959
   107   -0.180115    0.727925    0.000000       0.002959
   108   -0.150096    0.675930    0.000000       0.002959
   109   -0.120077    0.623936    0.000000       0.002959
   110   -0.090057    0.571941    0.000000       0.002959
   111   -0.060038    0.519947    0.000000       0.002959
   112   -0.030019    0.467952    0.000000       0.002959
   113    0.000000    0.415957    0.000000       0.002959
   114    0.030019    0.363963    0.000000       0.002959
   115    0.060038    0.311968    0.000000       0.002959
   116    0.090057    0.259973    0.000000       0.002959
   117    0.120077    0.207979    0.000000       0.002959
   118    0.150096    0.155984    0.000000       0.002959
   119    0.180115    0.103989    0.000000       0.002959
   120    0.210134    0.051995    0.000000       0.002959
   121    0.240153    0.000000    0.000000       0.002959
   122    0.270172   -0.051995    0.000000       0.002959
   123    0.300191   -0.103989    0.000000       0.002959
   124    0.330210   -0.155984    0.000000       0.002959
   125    0.360230   -0.207979    0.000000       0.002959
   126    0.390249   -0.259973    0.000000       0.002959
   127    0.420268   -0.311968    0.000000       0.002959
   128    0.450287   -0.363963    0.000000       0.002959
   129    0.480306   -0.415957    0.000000       0.002959
   130    0.510325   -0.467952    0.000000       0.002959
   131   -0.210134    0.883909    0.000000       0.002959
   132   -0.180115    0.831914    0.000000       0.002959
   133   -0.150096    0.779920    0.000000       0.002959
   134   -0.120077    0.727925    0.000000       0.002959
   135   -0.090057    0.675930    0.000000       0.002959
   136   -0.060038    0.623936    0.000000       0.002959
   137   -0.030019    0.571941    0.000000       0.002959
   138    0.000000    0.519947    0.000000       0.002959
   139    0.030019    0.467952    0.000000       0.002959
   140    0.060038    0.415957    0.000000       0.002959
   141    0.090057    0.363963    0.000000       0.002959
   142    0.120077    0.311968    0.000000       0.002959
   143    0.150096    0.259973    0.000000       0.002959
   144    0.180115    0.207979    0.000000       0.002959
   145    0.210134    0.155984    0.000000       0.002959
   146    0.240153    0.103989    0.000000       0.002959
   147    0.270172    0.051995    0.000000       0.002959
   148    0.300191    0.000000    0.000000       0.002959
   149    0.330210   -0.051995    0.000000       0.002959
   150    0.360230   -0.103989    0.000000       0.002959
   151    0.390249   -0.155984    0.000000       0.002959
   152    0.420268   -0.207979    0.000000       0.002959
   153    0.450287   -0.259973    0.000000       0.002959
   154    0.480306   -0.311968    0.000000       0.002959
   155    0.510325   -0.363963    0.000000       0.002959
   156    0.540344   -0.415957    0.000000       0.002959
   157   -0.180115    0.935904    0.000000       0.002959
   158   -0.150096    0.883909    0.000000       0.002959
   159   -0.120077    0.831914    0.000000       0.002959
   160   -0.090057    0.779920    0.000000       0.002959
   161   -0.060038    0.727925    0.000000       0.002959
   162   -0.030019    0.675930    0.000000       0.002959
   163    0.000000    0.623936    0.000000       0.002959
   164    0.030019    0.571941    0.000000       0.002959
   165    0.060038    0.519947    0.000000       0.002959
   166    0.090057    0.467952    0.000000       0.002959
   167    0.120077    0.415957    0.000000       0.002959
   168    0.150096    0.363963    0.000000       0.002959
   169    0.180115    0.311968    0.000000       0.002959
   170    0.210134    0.259973    0.000000       0.002959
   171    0.240153    0.207979    0.000000       0.002959
   172    0.270172    0.155984    0.000000       0.002959
   173    0.300191    0.103989    0.000000       0.002959
   174    0.330210    0.051995    0.000000       0.002959
   175    0.360230    0.000000    0.000000       0.002959
   176    0.390249   -0.051995    0.000000       0.002959
   177    0.420268   -0.103989    0.000000       0.002959
   178    0.450287   -0.155984    0.000000       0.002959
   179    0.480306   -0.207979    0.000000       0.002959
   180    0.510325   -0.259973    0.000000       0.002959
   181    0.540344   -0.311968    0.000000       0.002959
   182    0.570363   -0.363963    0.000000       0.002959
   183   -0.150096    0.987898    0.000000       0.002959
   184   -0.120077    0.935904    0.000000       0.002959
   185   -0.090057    0.883909    0.000000       0.002959
   186   -0.060038    0.831914    0.000000       0.002959
   187   -0.030019    0.779920    0.000000       0.002959
   188    0.000000    0.727925    0.000000       0.002959
   189    0.030019    0.675930    0.000000       0.002959
   190    0.060038    0.623936    0.000000       0.002959
   191    0.090057    0.571941    0.000000       0.002959
   192    0.120077    0.519947    0.000000       0.002959
   193    0.150096    0.467952    0.000000       0.002959
   194    0.180115    0.415957    0.000000       0.002959
   195    0.210134    0.363963    0.000000       0.002959
   196    0.240153    0.311968    0.000000       0.002959
   197    0.270172    0.259973    0.000000       0.002959
   198    0.300191    0.207979    0.000000       0.002959
   199    0.330210    0.155984    0.000000       0.002959
   200    0.360230    0.103989    0.000000       0.002959
   201    0.390249    0.051995    0.000000       0.002959
   202    0.420268    0.000000    0.000000       0.002959
   203    0.450287   -0.051995    0.000000       0.002959
   204    0.480306   -0.103989    0.000000       0.002959
   205    0.510325   -0.155984    0.000000       0.002959
   206    0.540344   -0.207979    0.000000       0.002959
   207    0.570363   -0.259973    0.000000       0.002959
   208    0.600383   -0.311968    0.000000       0.002959
   209   -0.120077    1.039893    0.000000       0.002959
   210   -0.090057    0.987898    0.000000       0.002959
   211   -0.060038    0.935904    0.000000       0.002959
   212   -0.030019    0.883909    0.000000       0.002959
   213    0.000000    0.831914    0.000000       0.002959
   214    0.030019    0.779920    0.000000       0.002959
   215    0.060038    0.727925    0.000000       0.002959
   216    0.090057    0.675930    0.000000       0.002959
   217    0.120077    0.623936    0.000000       0.002959
   218    0.150096    0.571941    0.000000       0.002959
   219    0.180115    0.519947    0.000000       0.002959
   220    0.210134    0.467952    0.000000       0.002959
   221    0.240153    0.415957    0.000000       0.002959
   222    0.270172    0.363963    0.000000       0.002959
   223    0.300191    0.311968    0.000000       0.002959
   224    0.330210    0.259973    0.000000       0.002959
   225    0.360230    0.207979    0.000000       0.002959
   226    0.390249    0.155984    0.000000       0.002959
   227    0.420268    0.103989    0.000000       0.002959
   228    0.450287    0.051995    0.000000       0.002959
   229    0.480306    0.000000    0.000000       0.002959
   230    0.510325   -0.051995    0.000000       0.002959
   231    0.540344   -0.103989    0.000000       0.002959
   232    0.570363   -0.155984    0.000000       0.002959
   233    0.600383   -0.207979    0.000000       0.002959
   234    0.630402   -0.259973    0.000000       0.002959
   235   -0.090057    1.091888    0.000000       0.002959
   236   -0.060038    1.039893    0.000000       0.002959
   237   -0.030019    0.987898    0.000000       0.002959
   238    0.000000    0.935904    0.000000       0.002959
   239    0.030019    0.883909    0.000000       0.002959
   240    0.060038    0.831914    0.000000       0.002959
   241    0.090057    0.779920    0.000000       0.002959
   242    0.120077    0.727925    0.000000       0.002959
   243    0.150096    0.675930    0.000000       0.002959
   244    0.180115    0.623936    0.000000       0.002959
   245    0.210134    0.571941    0.000000       0.002959
   246    0.240153    0.519947    0.000000       0.002959
   247    0.270172    0.467952    0.000000       0.002959
   248    0.300191    0.415957    0.000000       0.002959
   249    0.330210    0.363963    0.000000       0.002959
   250    0.360230    0.311968    0.000000       0.002959
   251    0.390249    0.259973    0.000000       0.002959
   252    0.420268    0.207979    0.000000       0.002959
   253    0.450287    0.155984    0.000000       0.002959
   254    0.480306    0.103989    0.000000       0.002959
   255    0.510325    0.051995    0.000000       0.002959
   256    0.540344    0.000000    0.000000       0.002959
   257    0.570363   -0.051995    0.000000       0.002959
   258    0.600383   -0.103989    0.000000       0.002959
   259    0.630402   -0.155984    0.000000       0.002959
   260    0.660421   -0.207979    0.000000       0.002959
   261   -0.060038    1.143882    0.000000       0.002959
   262   -0.030019    1.091888    0.000000       0.002959
   263    0.000000    1.039893    0.000000       0.002959
   264    0.030019    0.987898    0.000000       0.002959
   265    0.060038    0.935904    0.000000       0.002959
   266    0.090057    0.883909    0.000000       0.002959
   267    0.120077    0.831914    0.000000       0.002959
   268    0.150096    0.779920    0.000000       0.002959
   269    0.180115    0.727925    0.000000       0.002959
   270    0.210134    0.675930    0.000000       0.002959
   271    0.240153    0.623936    0.000000       0.002959
   272    0.270172    0.571941    0.000000       0.002959
   273    0.300191    0.519947    0.000000       0.002959
   274    0.330210    0.467952    0.000000       0.002959
   275    0.360230    0.415957    0.000000       0.002959
   276    0.390249    0.363963    0.000000       0.002959
   277    0.420268    0.311968    0.000000       0.002959
   278    0.450287    0.259973    0.000000       0.002959
   279    0.480306    0.207979    0.000000       0.002959
   280    0.510325    0.155984    0.000000       0.002959
   281    0.540344    0.103989    0.000000       0.002959
   282    0.570363    0.051995    0.000000       0.002959
   283    0.600383    0.000000    0.000000       0.002959
   284    0.630402   -0.051995    0.000000       0.002959
   285    0.660421   -0.103989    0.000000       0.002959
   286    0.690440   -0.155984    0.000000       0.002959
   287   -0.030019    1.195877    0.000000       0.002959
   288    0.000000    1.143882    0.000000       0.002959
   289    0.030019    1.091888    0.000000       0.002959
   290    0.060038    1.039893    0.000000       0.002959
   291    0.090057    0.987898    0.000000       0.002959
   292    0.120077    0.935904    0.000000       0.002959
   293    0.150096    0.883909    0.000000       0.002959
   294    0.180115    0.831914    0.000000       0.002959
   295    0.210134    0.779920    0.000000       0.002959
   296    0.240153    0.727925    0.000000       0.002959
   297    0.270172    0.675930    0.000000       0.002959
   298    0.300191    0.623936    0.000000       0.002959
   299    0.330210    0.571941    0.000000       0.002959
   300    0.360230    0.519947    0.000000       0.002959
   301    0.390249    0.467952    0.000000       0.002959
   302    0.420268    0.415957    0.000000       0.002959
   303    0.450287    0.363963    0.000000       0.002959
   304    0.480306    0.311968    0.000000       0.002959
   305    0.510325    0.259973    0.000000       0.002959
   306    0.540344    0.207979    0.000000       0.002959
   307    0.570363    0.155984    0.000000       0.002959
   308    0.600383    0.103989    0.000000       0.002959
   309    0.630402    0.051995    0.000000       0.002959
   310    0.660421    0.000000    0.000000       0.002959
   311    0.690440   -0.051995    0.000000       0.002959
   312    0.720459   -0.103989    0.000000       0.002959
   313    0.000000    1.247872    0.000000       0.002959
   314    0.030019    1.195877    0.000000       0.002959
   315    0.060038    1.143882    0.000000       0.002959
   316    0.090057    1.091888    0.000000       0.002959
   317    0.120077    1.039893    0.000000       0.002959
   318    0.150096    0.987898    0.000000       0.002959
   319    0.180115    0.935904    0.000000       0.002959
   320    0.210134    0.883909    0.000000       0.002959
   321    0.240153    0.831914    0.000000       0.002959
   322    0.270172    0.779920    0.000000       0.002959
   323    0.300191    0.727925    0.000000       0.002959
   324    0.330210    0.675930    0.000000       0.002959
   325    0.360230    0.623936    0.000000       0.002959
   326    0.390249    0.571941    0.000000       0.002959
   327    0.420268    0.519947    0.000000       0.002959
   328    0.450287    0.467952    0.000000       0.002959
   329    0.480306    0.415957    0.000000       0.002959
   330    0.510325    0.363963    0.000000       0.002959
   331    0.540344    0.311968    0.000000       0.002959
   332    0.570363    0.259973    0.000000       0.002959
   333    0.600383    0.207979    0.000000       0.002959
   334    0.630402    0.155984    0.000000       0.002959
   335    0.660421    0.103989    0.000000       0.002959
   336    0.690440    0.051995    0.000000       0.002959
   337    0.720459    0.000000    0.000000       0.002959
   338    0.750478   -0.051995    0.000000       0.002959
   339    0.030019    1.299866    0.000000       0.001479
   340    0.060038    1.247872    0.000000       0.001479
   341    0.090057    1.195877    0.000000       0.001479
   342    0.120077    1.143882    0.000000       0.001479
   343    0.150096    1.091888    0.000000       0.001479
   344    0.180115    1.039893    0.000000       0.001479
   345    0.210134    0.987898    0.000000       0.001479
   346    0.240153    0.935904    0.000000       0.001479
   347    0.270172    0.883909    0.000000       0.001479
   348    0.300191    0.831914    0.000000       0.001479
   349    0.330210    0.779920    0.000000       0.001479
   350    0.360230    0.727925    0.000000       0.001479
   351    0.390249    0.675930    0.000000       0.001479
   352    0.420268    0.623936    0.000000       0.001479
   353    0.450287    0.571941    0.000000       0.001479
   354    0.480306    0.519947    0.000000       0.001479
   355    0.510325    0.467952    0.000000       0.001479
   356    0.540344    0.415957    0.000000       0.001479
   357    0.570363    0.363963    0.000000       0.001479
   358    0.600383    0.311968    0.000000       0.001479
   359    0.630402    0.259973    0.000000       0.001479
   360    0.660421    0.207979    0.000000       0.001479
   361    0.690440    0.155984    0.000000       0.001479
   362    0.720459    0.103989    0.000000       0.001479
   363    0.750478    0.051995    0.000000       0.001479
   364    0.780497    0.000000    0.000000       0.001479
